"Name","Bodyweight","Snatch","Clean & Jerk","Total (kg)"
"Yoandry Hernández","92.55","172.0","221.0","393.0"
"Julio Cesar Luña","93.0","170.0","210.0","380.0"
"Herman Torres","89.9","166.0","210.0","376.0"
"Eduardo Guadamud","93.65","165.0","205.0","370.0"
"Jeff Wittmer","93.05","158.0","197.0","355.0"
"Pablo Burla","93.55","152.0","180.0","332.0"
"Dallas Santavy","91.35","140.0","180.0","320.0"
"Juan Jimenez Jimenez","93.4","142.0","174.0","316.0"
"Julio Santiago","93.15","140.0","170.0","310.0"
"Fernando Reis","93.8","140.0","164.0","304.0"
